Project 1 - FYS3150
Solving the one-dimensional Poissons equation
n = 1000
Sun Sep  4 14:03:54 2016

                     x(i)                     u(i)
                        0   0.0000000000000000e+00
   9.9900099900099900e-04   8.9412455874427026e-03
   1.9980019980019980e-03   1.7783682917767267e-02
   2.9970029970029970e-03   2.6528294172280382e-02
   3.9960039960039960e-03   3.5176051769135866e-02
   4.9950049950049950e-03   4.3727918460383090e-02
   5.9940059940059940e-03   5.2184847428050733e-02
   6.9930069930069930e-03   6.0547782379275404e-02
   7.9920079920079920e-03   6.8817657640484711e-02
   8.9910089910089919e-03   7.6995398250644081e-02
   9.9900099900099900e-03   8.5081920053576676e-02
   1.0989010989010988e-02   9.3078129789365638e-02
   1.1988011988011988e-02   1.0098492518484782e-01
   1.2987012987012988e-02   1.0880319504320791e-01
   1.3986013986013986e-02   1.1653381933268198e-01
   1.4985014985014984e-02   1.2417766927437932e-01
   1.5984015984015984e-02   1.3173560742923129e-01
   1.6983016983016984e-02   1.3920848778407591e-01
   1.7982017982017984e-02   1.4659715583688662e-01
   1.8981018981018980e-02   1.5390244868115405e-01
   1.9980019980019980e-02   1.6112519508942877e-01
   2.0979020979020980e-02   1.6826621559603383e-01
   2.1978021978021976e-02   1.7532632257895500e-01
   2.2977022977022976e-02   1.8230632034091693e-01
   2.3976023976023976e-02   1.8920700518965355e-01
   2.4975024975024976e-02   1.9602916551738042e-01
   2.5974025974025976e-02   2.0277358187947728e-01
   2.6973026973026972e-02   2.0944102707238826e-01
   2.7972027972027972e-02   2.1603226621074781e-01
   2.8971028971028972e-02   2.2254805680374010e-01
   2.9970029970029968e-02   2.2898914883069921e-01
   3.0969030969030968e-02   2.3535628481595794e-01
   3.1968031968031968e-02   2.4165019990295269e-01
   3.2967032967032968e-02   2.4787162192759135e-01
   3.3966033966033968e-02   2.5402127149089238e-01
   3.4965034965034968e-02   2.6009986203090146e-01
   3.5964035964035967e-02   2.6610809989389361e-01
   3.6963036963036960e-02   2.7204668440486712e-01
   3.7962037962037960e-02   2.7791630793733707e-01
   3.8961038961038960e-02   2.8371765598243504e-01
   3.9960039960039960e-02   2.8945140721732171e-01
   4.0959040959040960e-02   2.9511823357291994e-01
   4.1958041958041960e-02   3.0071880030097387e-01
   4.2957042957042960e-02   3.0625376604044202e-01
   4.3956043956043953e-02   3.1172378288323016e-01
   4.4955044955044952e-02   3.1712949643927080e-01
   4.5954045954045952e-02   3.2247154590095578e-01
   4.6953046953046952e-02   3.2775056410692843e-01
   4.7952047952047952e-02   3.3296717760524147e-01
   4.8951048951048952e-02   3.3812200671588755e-01
   4.9950049950049952e-02   3.4321566559270733e-01
   5.0949050949050952e-02   3.4824876228468327e-01
   5.1948051948051951e-02   3.5322189879662325e-01
   5.2947052947052944e-02   3.5813567114924144e-01
   5.3946053946053944e-02   3.6299066943864183e-01
   5.4945054945054944e-02   3.6778747789521060e-01
   5.5944055944055944e-02   3.7252667494192293e-01
   5.6943056943056944e-02   3.7720883325207005e-01
   5.7942057942057944e-02   3.8183451980641298e-01
   5.8941058941058944e-02   3.8640429594976761e-01
   5.9940059940059937e-02   3.9091871744702772e-01
   6.0939060939060936e-02   3.9537833453863092e-01
   6.1938061938061936e-02   3.9978369199547314e-01
   6.2937062937062943e-02   4.0413532917327760e-01
   6.3936063936063936e-02   4.0843378006642289e-01
   6.4935064935064929e-02   4.1267957336123634e-01
   6.5934065934065936e-02   4.1687323248875752e-01
   6.6933066933066929e-02   4.2101527567697705e-01
   6.7932067932067935e-02   4.2510621600255660e-01
   6.8931068931068928e-02   4.2914656144203456e-01
   6.9930069930069935e-02   4.3313681492252237e-01
   7.0929070929070928e-02   4.3707747437189742e-01
   7.1928071928071935e-02   4.4096903276849675e-01
   7.2927072927072928e-02   4.4481197819031687e-01
   7.3926073926073921e-02   4.4860679386372465e-01
   7.4925074925074928e-02   4.5235395821168345e-01
   7.5924075924075921e-02   4.5605394490150059e-01
   7.6923076923076927e-02   4.5970722289209981e-01
   7.7922077922077920e-02   4.6331425648082408e-01
   7.8921078921078927e-02   4.6687550534977273e-01
   7.9920079920079920e-02   4.7039142461167832e-01
   8.0919080919080913e-02   4.7386246485532740e-01
   8.1918081918081920e-02   4.7728907219052968e-01
   8.2917082917082913e-02   4.8067168829264068e-01
   8.3916083916083919e-02   4.8401075044664105e-01
   8.4915084915084912e-02   4.8730669159077816e-01
   8.5914085914085919e-02   4.9055994035977396e-01
   8.6913086913086912e-02   4.9377092112760296e-01
   8.7912087912087905e-02   4.9694005404984570e-01
   8.8911088911088912e-02   5.0006775510562029e-01
   8.9910089910089905e-02   5.0315443613909783e-01
   9.0909090909090912e-02   5.0620050490060486e-01
   9.1908091908091905e-02   5.0920636508731720e-01
   9.2907092907092911e-02   5.1217241638354927e-01
   9.3906093906093904e-02   5.1509905450064375e-01
   9.4905094905094911e-02   5.1798667121646336e-01
   9.5904095904095904e-02   5.2083565441449076e-01
   9.6903096903096897e-02   5.2364638812253994e-01
   9.7902097902097904e-02   5.2641925255108257e-01
   9.8901098901098897e-02   5.2915462413119352e-01
   9.9900099900099903e-02   5.3185287555211891e-01
   1.0089910089910090e-01   5.3451437579847128e-01
   1.0189810189810190e-01   5.3713949018705409e-01
   1.0289710289710290e-01   5.3972858040332139e-01
   1.0389610389610390e-01   5.4228200453747399e-01
   1.0489510489510490e-01   5.4480011712019760e-01
   1.0589410589410589e-01   5.4728326915804493e-01
   1.0689310689310690e-01   5.4973180816846690e-01
   1.0789210789210789e-01   5.5214607821449546e-01
   1.0889110889110890e-01   5.5452641993908092e-01
   1.0989010989010989e-01   5.5687317059908881e-01
   1.1088911088911090e-01   5.5918666409895845e-01
   1.1188811188811189e-01   5.6146723102402707e-01
   1.1288711288711288e-01   5.6371519867352271e-01
   1.1388611388611389e-01   5.6593089109322869e-01
   1.1488511488511488e-01   5.6811462910782395e-01
   1.1588411588411589e-01   5.7026673035290165e-01
   1.1688311688311688e-01   5.7238750930666982e-01
   1.1788211788211789e-01   5.7447727732133613e-01
   1.1888111888111888e-01   5.7653634265418185e-01
   1.1988011988011987e-01   5.7856501049832554e-01
   1.2087912087912088e-01   5.8056358301318245e-01
   1.2187812187812187e-01   5.8253235935461967e-01
   1.2287712287712288e-01   5.8447163570481264e-01
   1.2387612387612387e-01   5.8638170530180433e-01
   1.2487512487512488e-01   5.8826285846877069e-01
   1.2587412587412589e-01   5.9011538264299535e-01
   1.2687312687312688e-01   5.9193956240455625e-01
   1.2787212787212787e-01   5.9373567950472683e-01
   1.2887112887112886e-01   5.9550401289409516e-01
   1.2987012987012986e-01   5.9724483875040357e-01
   1.3086913086913088e-01   5.9895843050611164e-01
   1.3186813186813187e-01   6.0064505887568487e-01
   1.3286713286713286e-01   6.0230499188261233e-01
   1.3386613386613386e-01   6.0393849488615592e-01
   1.3486513486513488e-01   6.0554583060783307e-01
   1.3586413586413587e-01   6.0712725915763710e-01
   1.3686313686313686e-01   6.0868303805999624e-01
   1.3786213786213786e-01   6.1021342227947506e-01
   1.3886113886113885e-01   6.1171866424622012e-01
   1.3986013986013987e-01   6.1319901388115239e-01
   1.4085914085914086e-01   6.1465471862091048e-01
   1.4185814185814186e-01   6.1608602344254415e-01
   1.4285714285714285e-01   6.1749317088796407e-01
   1.4385614385614387e-01   6.1887640108814757e-01
   1.4485514485514486e-01   6.2023595178710378e-01
   1.4585414585414586e-01   6.2157205836560070e-01
   1.4685314685314685e-01   6.2288495386465681e-01
   1.4785214785214784e-01   6.2417486900879859e-01
   1.4885114885114886e-01   6.2544203222908701e-01
   1.4985014985014986e-01   6.2668666968591547e-01
   1.5084915084915085e-01   6.2790900529158089e-01
   1.5184815184815184e-01   6.2910926073263007e-01
   1.5284715284715283e-01   6.3028765549198418e-01
   1.5384615384615385e-01   6.3144440687084424e-01
   1.5484515484515485e-01   6.3257973001037693e-01
   1.5584415584415584e-01   6.3369383791318656e-01
   1.5684315684315683e-01   6.3478694146457326e-01
   1.5784215784215785e-01   6.3585924945357875e-01
   1.5884115884115885e-01   6.3691096859382401e-01
   1.5984015984015984e-01   6.3794230354414005e-01
   1.6083916083916083e-01   6.3895345692899264e-01
   1.6183816183816183e-01   6.3994462935870433e-01
   1.6283716283716285e-01   6.4091601944947574e-01
   1.6383616383616384e-01   6.4186782384320784e-01
   1.6483516483516483e-01   6.4280023722712698e-01
   1.6583416583416583e-01   6.4371345235321464e-01
   1.6683316683316685e-01   6.4460766005744463e-01
   1.6783216783216784e-01   6.4548304927882860e-01
   1.6883116883116883e-01   6.4633980707827221e-01
   1.6983016983016982e-01   6.4717811865724439e-01
   1.7082917082917082e-01   6.4799816737626004e-01
   1.7182817182817184e-01   6.4880013477318033e-01
   1.7282717282717283e-01   6.4958420058133015e-01
   1.7382617382617382e-01   6.5035054274743531e-01
   1.7482517482517482e-01   6.5109933744938231e-01
   1.7582417582417581e-01   6.5183075911380084e-01
   1.7682317682317683e-01   6.5254498043347198e-01
   1.7782217782217782e-01   6.5324217238456272e-01
   1.7882117882117882e-01   6.5392250424368981e-01
   1.7982017982017981e-01   6.5458614360481393e-01
   1.8081918081918083e-01   6.5523325639596552e-01
   1.8181818181818182e-01   6.5586400689580471e-01
   1.8281718281718282e-01   6.5647855775001673e-01
   1.8381618381618381e-01   6.5707706998754356e-01
   1.8481518481518480e-01   6.5765970303665522e-01
   1.8581418581418582e-01   6.5822661474086075e-01
   1.8681318681318682e-01   6.5877796137466116e-01
   1.8781218781218781e-01   6.5931389765914594e-01
   1.8881118881118880e-01   6.5983457677743440e-01
   1.8981018981018982e-01   6.6034015038996297e-01
   1.9080919080919082e-01   6.6083076864962220e-01
   1.9180819180819181e-01   6.6130658021674105e-01
   1.9280719280719280e-01   6.6176773227392394e-01
   1.9380619380619379e-01   6.6221437054073973e-01
   1.9480519480519481e-01   6.6264663928826462e-01
   1.9580419580419581e-01   6.6306468135348051e-01
   1.9680319680319680e-01   6.6346863815353041e-01
   1.9780219780219779e-01   6.6385864969983177e-01
   1.9880119880119881e-01   6.6423485461205023e-01
   1.9980019980019981e-01   6.6459739013193342e-01
   2.0079920079920080e-01   6.6494639213700846e-01
   2.0179820179820179e-01   6.6528199515414232e-01
   2.0279720279720279e-01   6.6560433237296779e-01
   2.0379620379620381e-01   6.6591353565917610e-01
   2.0479520479520480e-01   6.6620973556767704e-01
   2.0579420579420579e-01   6.6649306135562847e-01
   2.0679320679320679e-01   6.6676364099533691e-01
   2.0779220779220781e-01   6.6702160118702858e-01
   2.0879120879120880e-01   6.6726706737149455e-01
   2.0979020979020979e-01   6.6750016374261001e-01
   2.1078921078921078e-01   6.6772101325972866e-01
   2.1178821178821178e-01   6.6792973765995445e-01
   2.1278721278721280e-01   6.6812645747029065e-01
   2.1378621378621379e-01   6.6831129201966943e-01
   2.1478521478521478e-01   6.6848435945086015e-01
   2.1578421578421578e-01   6.6864577673226044e-01
   2.1678321678321677e-01   6.6879565966957011e-01
   2.1778221778221779e-01   6.6893412291734811e-01
   2.1878121878121878e-01   6.6906127999045550e-01
   2.1978021978021978e-01   6.6917724327538441e-01
   2.2077922077922077e-01   6.6928212404147447e-01
   2.2177822177822179e-01   6.6937603245201704e-01
   2.2277722277722278e-01   6.6945907757525036e-01
   2.2377622377622378e-01   6.6953136739524399e-01
   2.2477522477522477e-01   6.6959300882267625e-01
   2.2577422577422576e-01   6.6964410770550375e-01
   2.2677322677322678e-01   6.6968476883952521e-01
   2.2777222777222778e-01   6.6971509597884060e-01
   2.2877122877122877e-01   6.6973519184620511e-01
   2.2977022977022976e-01   6.6974515814328173e-01
   2.3076923076923078e-01   6.6974509556079076e-01
   2.3176823176823177e-01   6.6973510378855905e-01
   2.3276723276723277e-01   6.6971528152546878e-01
   2.3376623376623376e-01   6.6968572648930857e-01
   2.3476523476523475e-01   6.6964653542652497e-01
   2.3576423576423577e-01   6.6959780412187819e-01
   2.3676323676323677e-01   6.6953962740800166e-01
   2.3776223776223776e-01   6.6947209917486616e-01
   2.3876123876123875e-01   6.6939531237915040e-01
   2.3976023976023975e-01   6.6930935905351796e-01
   2.4075924075924077e-01   6.6921433031580246e-01
   2.4175824175824176e-01   6.6911031637810126e-01
   2.4275724275724275e-01   6.6899740655577844e-01
   2.4375624375624375e-01   6.6887568927637853e-01
   2.4475524475524477e-01   6.6874525208845259e-01
   2.4575424575424576e-01   6.6860618167029429e-01
   2.4675324675324675e-01   6.6845856383859137e-01
   2.4775224775224775e-01   6.6830248355699007e-01
   2.4875124875124874e-01   6.6813802494457475e-01
   2.4975024975024976e-01   6.6796527128426242e-01
   2.5074925074925075e-01   6.6778430503111530e-01
   2.5174825174825177e-01   6.6759520782056969e-01
   2.5274725274725274e-01   6.6739806047658279e-01
   2.5374625374625376e-01   6.6719294301969978e-01
   2.5474525474525472e-01   6.6697993467503924e-01
   2.5574425574425574e-01   6.6675911388020026e-01
   2.5674325674325676e-01   6.6653055829309082e-01
   2.5774225774225773e-01   6.6629434479967775e-01
   2.5874125874125875e-01   6.6605054952166010e-01
   2.5974025974025972e-01   6.6579924782406641e-01
   2.6073926073926074e-01   6.6554051432277594e-01
   2.6173826173826176e-01   6.6527442289196559e-01
   2.6273726273726272e-01   6.6500104667148263e-01
   2.6373626373626374e-01   6.6472045807414404e-01
   2.6473526473526471e-01   6.6443272879296333e-01
   2.6573426573426573e-01   6.6413792980830610e-01
   2.6673326673326675e-01   6.6383613139497311e-01
   2.6773226773226771e-01   6.6352740312921432e-01
   2.6873126873126874e-01   6.6321181389567263e-01
   2.6973026973026976e-01   6.6288943189425875e-01
   2.7072927072927072e-01   6.6256032464695747e-01
   2.7172827172827174e-01   6.6222455900456623e-01
   2.7272727272727271e-01   6.6188220115336716e-01
   2.7372627372627373e-01   6.6153331662173254e-01
   2.7472527472527475e-01   6.6117797028666470e-01
   2.7572427572427571e-01   6.6081622638027071e-01
   2.7672327672327673e-01   6.6044814849617273e-01
   2.7772227772227770e-01   6.6007379959585455e-01
   2.7872127872127872e-01   6.5969324201494584e-01
   2.7972027972027974e-01   6.5930653746944257e-01
   2.8071928071928071e-01   6.5891374706186701e-01
   2.8171828171828173e-01   6.5851493128736527e-01
   2.8271728271728269e-01   6.5811015003974516e-01
   2.8371628371628371e-01   6.5769946261745349e-01
   2.8471528471528473e-01   6.5728292772949437e-01
   2.8571428571428570e-01   6.5686060350128794e-01
   2.8671328671328672e-01   6.5643254748047175e-01
   2.8771228771228774e-01   6.5599881664264414e-01
   2.8871128871128870e-01   6.5555946739704973e-01
   2.8971028971028973e-01   6.5511455559221055e-01
   2.9070929070929069e-01   6.5466413652149813e-01
   2.9170829170829171e-01   6.5420826492865336e-01
   2.9270729270729273e-01   6.5374699501324873e-01
   2.9370629370629370e-01   6.5328038043609815e-01
   2.9470529470529472e-01   6.5280847432461253e-01
   2.9570429570429568e-01   6.5233132927810134e-01
   2.9670329670329670e-01   6.5184899737302260e-01
   2.9770229770229772e-01   6.5136153016817988e-01
   2.9870129870129869e-01   6.5086897870986815e-01
   2.9970029970029971e-01   6.5037139353696816e-01
   3.0069930069930068e-01   6.4986882468599017e-01
   3.0169830169830170e-01   6.4936132169606764e-01
   3.0269730269730272e-01   6.4884893361390150e-01
   3.0369630369630368e-01   6.4833170899865511e-01
   3.0469530469530470e-01   6.4780969592679993e-01
   3.0569430569430567e-01   6.4728294199691450e-01
   3.0669330669330669e-01   6.4675149433443413e-01
   3.0769230769230771e-01   6.4621539959635443e-01
   3.0869130869130867e-01   6.4567470397588766e-01
   3.0969030969030970e-01   6.4512945320707249e-01
   3.1068931068931072e-01   6.4457969256933922e-01
   3.1168831168831168e-01   6.4402546689202744e-01
   3.1268731268731270e-01   6.4346682055886129e-01
   3.1368631368631367e-01   6.4290379751237825e-01
   3.1468531468531469e-01   6.4233644125831479e-01
   3.1568431568431571e-01   6.4176479486994875e-01
   3.1668331668331667e-01   6.4118890099239711e-01
   3.1768231768231769e-01   6.4060880184687297e-01
   3.1868131868131866e-01   6.4002453923489899e-01
   3.1968031968031968e-01   6.3943615454247904e-01
   3.2067932067932070e-01   6.3884368874422881e-01
   3.2167832167832167e-01   6.3824718240746503e-01
   3.2267732267732269e-01   6.3764667569625411e-01
   3.2367632367632365e-01   6.3704220837542058e-01
   3.2467532467532467e-01   6.3643381981451541e-01
   3.2567432567432569e-01   6.3582154899174559e-01
   3.2667332667332666e-01   6.3520543449786404e-01
   3.2767232767232768e-01   6.3458551454002099e-01
   3.2867132867132864e-01   6.3396182694557690e-01
   3.2967032967032966e-01   6.3333440916587802e-01
   3.3066933066933069e-01   6.3270329827999361e-01
   3.3166833166833165e-01   6.3206853099841698e-01
   3.3266733266733267e-01   6.3143014366672912e-01
   3.3366633366633369e-01   6.3078817226922579e-01
   3.3466533466533466e-01   6.3014265243250900e-01
   3.3566433566433568e-01   6.2949361942904225e-01
   3.3666333666333664e-01   6.2884110818067129e-01
   3.3766233766233766e-01   6.2818515326210911e-01
   3.3866133866133868e-01   6.2752578890438637e-01
   3.3966033966033965e-01   6.2686304899826806e-01
   3.4065934065934067e-01   6.2619696709763539e-01
   3.4165834165834164e-01   6.2552757642283496e-01
   3.4265734265734266e-01   6.2485490986399395e-01
   3.4365634365634368e-01   6.2417899998430248e-01
   3.4465534465534464e-01   6.2349987902326365e-01
   3.4565434565434566e-01   6.2281757889991096e-01
   3.4665334665334663e-01   6.2213213121599420e-01
   3.4765234765234765e-01   6.2144356725913252e-01
   3.4865134865134867e-01   6.2075191800593799e-01
   3.4965034965034963e-01   6.2005721412510628e-01
   3.5064935064935066e-01   6.1935948598047808e-01
   3.5164835164835162e-01   6.1865876363406891e-01
   3.5264735264735264e-01   6.1795507684906958e-01
   3.5364635364635366e-01   6.1724845509281678e-01
   3.5464535464535463e-01   6.1653892753973349e-01
   3.5564435564435565e-01   6.1582652307424113e-01
   3.5664335664335667e-01   6.1511127029364188e-01
   3.5764235764235763e-01   6.1439319751097299e-01
   3.5864135864135865e-01   6.1367233275783217e-01
   3.5964035964035962e-01   6.1294870378717525e-01
   3.6063936063936064e-01   6.1222233807608617e-01
   3.6163836163836166e-01   6.1149326282851924e-01
   3.6263736263736263e-01   6.1076150497801363e-01
   3.6363636363636365e-01   6.1002709119038168e-01
   3.6463536463536461e-01   6.0929004786637075e-01
   3.6563436563436563e-01   6.0855040114429704e-01
   3.6663336663336665e-01   6.0780817690265476e-01
   3.6763236763236762e-01   6.0706340076269860e-01
   3.6863136863136864e-01   6.0631609809100129e-01
   3.6963036963036960e-01   6.0556629400198458e-01
   3.7062937062937062e-01   6.0481401336042595e-01
   3.7162837162837165e-01   6.0405928078394011e-01
   3.7262737262737261e-01   6.0330212064543609e-01
   3.7362637362637363e-01   6.0254255707554938e-01
   3.7462537462537465e-01   6.0178061396505023e-01
   3.7562437562437562e-01   6.0101631496722818e-01
   3.7662337662337664e-01   6.0024968350025232e-01
   3.7762237762237760e-01   5.9948074274950902e-01
   3.7862137862137862e-01   5.9870951566991526e-01
   3.7962037962037964e-01   5.9793602498820997e-01
   3.8061938061938061e-01   5.9716029320522190e-01
   3.8161838161838163e-01   5.9638234259811562e-01
   3.8261738261738260e-01   5.9560219522261415e-01
   3.8361638361638362e-01   5.9481987291520089e-01
   3.8461538461538464e-01   5.9403539729529842e-01
   3.8561438561438560e-01   5.9324878976742623e-01
   3.8661338661338662e-01   5.9246007152333713e-01
   3.8761238761238759e-01   5.9166926354413196e-01
   3.8861138861138861e-01   5.9087638660235386e-01
   3.8961038961038963e-01   5.9008146126406080e-01
   3.9060939060939059e-01   5.8928450789087894e-01
   3.9160839160839161e-01   5.8848554664203367e-01
   3.9260739260739258e-01   5.8768459747636248e-01
   3.9360639360639360e-01   5.8688168015430664e-01
   3.9460539460539462e-01   5.8607681423988311e-01
   3.9560439560439559e-01   5.8527001910263687e-01
   3.9660339660339661e-01   5.8446131391957457e-01
   3.9760239760239763e-01   5.8365071767707788e-01
   3.9860139860139859e-01   5.8283824917279869e-01
   3.9960039960039961e-01   5.8202392701753525e-01
   4.0059940059940058e-01   5.8120776963708909e-01
   4.0159840159840160e-01   5.8038979527410439e-01
   4.0259740259740262e-01   5.7957002198988850e-01
   4.0359640359640359e-01   5.7874846766621402e-01
   4.0459540459540461e-01   5.7792515000710398e-01
   4.0559440559440557e-01   5.7710008654059874e-01
   4.0659340659340659e-01   5.7627329462050469e-01
   4.0759240759240761e-01   5.7544479142812699e-01
   4.0859140859140858e-01   5.7461459397398373e-01
   4.0959040959040960e-01   5.7378271909950374e-01
   4.1058941058941056e-01   5.7294918347870760e-01
   4.1158841158841158e-01   5.7211400361987141e-01
   4.1258741258741261e-01   5.7127719586717429e-01
   4.1358641358641357e-01   5.7043877640232998e-01
   4.1458541458541459e-01   5.6959876124620124e-01
   4.1558441558441561e-01   5.6875716626039952e-01
   4.1658341658341658e-01   5.6791400714886686e-01
   4.1758241758241760e-01   5.6706929945944418e-01
   4.1858141858141856e-01   5.6622305858542255e-01
   4.1958041958041958e-01   5.6537529976707923e-01
   4.2057942057942060e-01   5.6452603809319923e-01
   4.2157842157842157e-01   5.6367528850258075e-01
   4.2257742257742259e-01   5.6282306578552632e-01
   4.2357642357642356e-01   5.6196938458531853e-01
   4.2457542457542458e-01   5.6111425939968207e-01
   4.2557442557442560e-01   5.6025770458222990e-01
   4.2657342657342656e-01   5.5939973434389612e-01
   4.2757242757242758e-01   5.5854036275435448e-01
   4.2857142857142855e-01   5.5767960374342240e-01
   4.2957042957042957e-01   5.5681747110245083e-01
   4.3056943056943059e-01   5.5595397848570072e-01
   4.3156843156843155e-01   5.5508913941170623e-01
   4.3256743256743257e-01   5.5422296726462339e-01
   4.3356643356643354e-01   5.5335547529556617e-01
   4.3456543456543456e-01   5.5248667662392859e-01
   4.3556443556443558e-01   5.5161658423869442e-01
   4.3656343656343655e-01   5.5074521099973350e-01
   4.3756243756243757e-01   5.4987256963908471e-01
   4.3856143856143859e-01   5.4899867276222725e-01
   4.3956043956043955e-01   5.4812353284933824e-01
   4.4055944055944057e-01   5.4724716225653836e-01
   4.4155844155844154e-01   5.4636957321712520e-01
   4.4255744255744256e-01   5.4549077784279376e-01
   4.4355644355644358e-01   5.4461078812484565e-01
   4.4455544455544455e-01   5.4372961593538549e-01
   4.4555444555444557e-01   5.4284727302850622e-01
   4.4655344655344653e-01   5.4196377104146132e-01
   4.4755244755244755e-01   5.4107912149582726e-01
   4.4855144855144857e-01   5.4019333579865259e-01
   4.4955044955044954e-01   5.3930642524359684e-01
   4.5054945054945056e-01   5.3841840101205707e-01
   4.5154845154845152e-01   5.3752927417428464e-01
   4.5254745254745254e-01   5.3663905569048931e-01
   4.5354645354645357e-01   5.3574775641193362e-01
   4.5454545454545453e-01   5.3485538708201508e-01
   4.5554445554445555e-01   5.3396195833733928e-01
   4.5654345654345652e-01   5.3306748070878085e-01
   4.5754245754245754e-01   5.3217196462253469e-01
   4.5854145854145856e-01   5.3127542040115638e-01
   4.5954045954045952e-01   5.3037785826459238e-01
   4.6053946053946054e-01   5.2947928833120039e-01
   4.6153846153846156e-01   5.2857972061875846e-01
   4.6253746253746253e-01   5.2767916504546541e-01
   4.6353646353646355e-01   5.2677763143093037e-01
   4.6453546453546452e-01   5.2587512949715265e-01
   4.6553446553446554e-01   5.2497166886949254e-01
   4.6653346653346656e-01   5.2406725907763152e-01
   4.6753246753246752e-01   5.2316190955652320e-01
   4.6853146853146854e-01   5.2225562964733518e-01
   4.6953046953046951e-01   5.2134842859838149e-01
   4.7052947052947053e-01   5.2044031556604542e-01
   4.7152847152847155e-01   5.1953129961569300e-01
   4.7252747252747251e-01   5.1862138972257810e-01
   4.7352647352647353e-01   5.1771059477273818e-01
   4.7452547452547450e-01   5.1679892356388102e-01
   4.7552447552447552e-01   5.1588638480626270e-01
   4.7652347652347654e-01   5.1497298712355710e-01
   4.7752247752247751e-01   5.1405873905371624e-01
   4.7852147852147853e-01   5.1314364904982257e-01
   4.7952047952047949e-01   5.1222772548093265e-01
   4.8051948051948051e-01   5.1131097663291214e-01
   4.8151848151848153e-01   5.1039341070926325e-01
   4.8251748251748250e-01   5.0947503583194276e-01
   4.8351648351648352e-01   5.0855586004217312e-01
   4.8451548451548454e-01   5.0763589130124487e-01
   4.8551448551448551e-01   5.0671513749131103e-01
   4.8651348651348653e-01   5.0579360641617399e-01
   4.8751248751248749e-01   5.0487130580206385e-01
   4.8851148851148851e-01   5.0394824329841026e-01
   4.8951048951048953e-01   5.0302442647860524e-01
   4.9050949050949050e-01   5.0209986284075903e-01
   4.9150849150849152e-01   5.0117455980844905e-01
   4.9250749250749248e-01   5.0024852473145986e-01
   4.9350649350649350e-01   4.9932176488651747e-01
   4.9450549450549453e-01   4.9839428747801495e-01
   4.9550449550449549e-01   4.9746609963873195e-01
   4.9650349650349651e-01   4.9653720843054616e-01
   4.9750249750249748e-01   4.9560762084513832e-01
   4.9850149850149850e-01   4.9467734380468992e-01
   4.9950049950049952e-01   4.9374638416257410e-01
   5.0049950049950054e-01   4.9281474870403957e-01
   5.0149850149850150e-01   4.9188244414688770e-01
   5.0249750249750247e-01   4.9094947714214321e-01
   5.0349650349650354e-01   4.9001585427471772e-01
   5.0449550449550451e-01   4.8908158206406710e-01
   5.0549450549450547e-01   4.8814666696484182e-01
   5.0649350649350644e-01   4.8721111536753159e-01
   5.0749250749250752e-01   4.8627493359910268e-01
   5.0849150849150848e-01   4.8533812792362974e-01
   5.0949050949050945e-01   4.8440070454292072e-01
   5.1048951048951052e-01   4.8346266959713596e-01
   5.1148851148851149e-01   4.8252402916540071e-01
   5.1248751248751245e-01   4.8158478926641235e-01
   5.1348651348651353e-01   4.8064495585904060e-01
   5.1448551448551449e-01   4.7970453484292219e-01
   5.1548451548451546e-01   4.7876353205905015e-01
   5.1648351648351654e-01   4.7782195329035621e-01
   5.1748251748251750e-01   4.7687980426228815e-01
   5.1848151848151847e-01   4.7593709064338141e-01
   5.1948051948051943e-01   4.7499381804582452e-01
   5.2047952047952051e-01   4.7404999202601933e-01
   5.2147852147852147e-01   4.7310561808513552e-01
   5.2247752247752244e-01   4.7216070166965957e-01
   5.2347652347652351e-01   4.7121524817193838e-01
   5.2447552447552448e-01   4.7026926293071764e-01
   5.2547452547452544e-01   4.6932275123167411e-01
   5.2647352647352652e-01   4.6837571830794378e-01
   5.2747252747252749e-01   4.6742816934064363e-01
   5.2847152847152845e-01   4.6648010945938889e-01
   5.2947052947052942e-01   4.6553154374280520e-01
   5.3046953046953049e-01   4.6458247721903501e-01
   5.3146853146853146e-01   4.6363291486623992e-01
   5.3246753246753242e-01   4.6268286161309691e-01
   5.3346653346653350e-01   4.6173232233929090e-01
   5.3446553446553446e-01   4.6078130187600119e-01
   5.3546453546453543e-01   4.5982980500638387e-01
   5.3646353646353651e-01   4.5887783646604907e-01
   5.3746253746253747e-01   4.5792540094353373e-01
   5.3846153846153844e-01   4.5697250308076942e-01
   5.3946053946053951e-01   4.5601914747354566e-01
   5.4045954045954048e-01   4.5506533867196847e-01
   5.4145854145854144e-01   4.5411108118091470e-01
   5.4245754245754241e-01   4.5315637946048143e-01
   5.4345654345654348e-01   4.5220123792643102e-01
   5.4445554445554445e-01   4.5124566095063201e-01
   5.4545454545454541e-01   4.5028965286149547e-01
   5.4645354645354649e-01   4.4933321794440673e-01
   5.4745254745254746e-01   4.4837636044215334e-01
   5.4845154845154842e-01   4.4741908455534823e-01
   5.4945054945054950e-01   4.4646139444284910e-01
   5.5044955044955046e-01   4.4550329422217355e-01
   5.5144855144855143e-01   4.4454478796990987e-01
   5.5244755244755239e-01   4.4358587972212399e-01
   5.5344655344655347e-01   4.4262657347476214e-01
   5.5444555444555443e-01   4.4166687318404979e-01
   5.5544455544455540e-01   4.4070678276688646e-01
   5.5644355644355648e-01   4.3974630610123661e-01
   5.5744255744255744e-01   4.3878544702651656e-01
   5.5844155844155841e-01   4.3782420934397798e-01
   5.5944055944055948e-01   4.3686259681708689e-01
   5.6043956043956045e-01   4.3590061317189938e-01
   5.6143856143856141e-01   4.3493826209743369e-01
   5.6243756243756249e-01   4.3397554724603810e-01
   5.6343656343656345e-01   4.3301247223375555e-01
   5.6443556443556442e-01   4.3204904064068450e-01
   5.6543456543456538e-01   4.3108525601133624e-01
   5.6643356643356646e-01   4.3012112185498874e-01
   5.6743256743256743e-01   4.2915664164603656e-01
   5.6843156843156839e-01   4.2819181882433804e-01
   5.6943056943056947e-01   4.2722665679555827e-01
   5.7042957042957043e-01   4.2626115893150907e-01
   5.7142857142857140e-01   4.2529532857048563e-01
   5.7242757242757247e-01   4.2432916901759948e-01
   5.7342657342657344e-01   4.2336268354510853e-01
   5.7442557442557440e-01   4.2239587539274343e-01
   5.7542457542457548e-01   4.2142874776803108e-01
   5.7642357642357644e-01   4.2046130384661468e-01
   5.7742257742257741e-01   4.1949354677257067e-01
   5.7842157842157838e-01   4.1852547965872233e-01
   5.7942057942057945e-01   4.1755710558695081e-01
   5.8041958041958042e-01   4.1658842760850251e-01
   5.8141858141858138e-01   4.1561944874429357e-01
   5.8241758241758246e-01   4.1465017198521137e-01
   5.8341658341658342e-01   4.1368060029241305e-01
   5.8441558441558439e-01   4.1271073659762098e-01
   5.8541458541458546e-01   4.1174058380341549e-01
   5.8641358641358643e-01   4.1077014478352436e-01
   5.8741258741258739e-01   4.0979942238310979e-01
   5.8841158841158836e-01   4.0882841941905229e-01
   5.8941058941058944e-01   4.0785713868023171e-01
   5.9040959040959040e-01   4.0688558292780586e-01
   5.9140859140859137e-01   4.0591375489548570e-01
   5.9240759240759244e-01   4.0494165728980852e-01
   5.9340659340659341e-01   4.0396929279040772e-01
   5.9440559440559437e-01   4.0299666405028040e-01
   5.9540459540459545e-01   4.0202377369605230e-01
   5.9640359640359641e-01   4.0105062432823968e-01
   5.9740259740259738e-01   4.0007721852150890e-01
   5.9840159840159846e-01   3.9910355882493359e-01
   5.9940059940059942e-01   3.9812964776224868e-01
   6.0039960039960039e-01   3.9715548783210258e-01
   6.0139860139860135e-01   3.9618108150830644e-01
   6.0239760239760243e-01   3.9520643124008109e-01
   6.0339660339660339e-01   3.9423153945230138e-01
   6.0439560439560436e-01   3.9325640854573818e-01
   6.0539460539460543e-01   3.9228104089729815e-01
   6.0639360639360640e-01   3.9130543886026076e-01
   6.0739260739260736e-01   3.9032960476451323e-01
   6.0839160839160844e-01   3.8935354091678304e-01
   6.0939060939060941e-01   3.8837724960086828e-01
   6.1038961038961037e-01   3.8740073307786549e-01
   6.1138861138861134e-01   3.8642399358639523e-01
   6.1238761238761241e-01   3.8544703334282532e-01
   6.1338661338661338e-01   3.8446985454149268e-01
   6.1438561438561434e-01   3.8349245935492160e-01
   6.1538461538461542e-01   3.8251484993404100e-01
   6.1638361638361638e-01   3.8153702840839893e-01
   6.1738261738261735e-01   3.8055899688637518e-01
   6.1838161838161843e-01   3.7958075745539172e-01
   6.1938061938061939e-01   3.7860231218212087e-01
   6.2037962037962036e-01   3.7762366311269169e-01
   6.2137862137862143e-01   3.7664481227289409e-01
   6.2237762237762240e-01   3.7566576166838123e-01
   6.2337662337662336e-01   3.7468651328486929e-01
   6.2437562437562433e-01   3.7370706908833617e-01
   6.2537462537462540e-01   3.7272743102521722e-01
   6.2637362637362637e-01   3.7174760102259974e-01
   6.2737262737262733e-01   3.7076758098841517e-01
   6.2837162837162841e-01   3.6978737281162971e-01
   6.2937062937062938e-01   3.6880697836243270e-01
   6.3036963036963034e-01   3.6782639949242318e-01
   6.3136863136863142e-01   3.6684563803479486e-01
   6.3236763236763238e-01   3.6586469580451902e-01
   6.3336663336663335e-01   3.6488357459852566e-01
   6.3436563436563431e-01   3.6390227619588272e-01
   6.3536463536463539e-01   3.6292080235797369e-01
   6.3636363636363635e-01   3.6193915482867345e-01
   6.3736263736263732e-01   3.6095733533452229e-01
   6.3836163836163839e-01   3.5997534558489824e-01
   6.3936063936063936e-01   3.5899318727218760e-01
   6.4035964035964033e-01   3.5801086207195398e-01
   6.4135864135864140e-01   3.5702837164310530e-01
   6.4235764235764237e-01   3.5604571762805953e-01
   6.4335664335664333e-01   3.5506290165290860e-01
   6.4435564435564441e-01   3.5407992532758054e-01
   6.4535464535464537e-01   3.5309679024600027e-01
   6.4635364635364634e-01   3.5211349798624875e-01
   6.4735264735264730e-01   3.5113005011072035e-01
   6.4835164835164838e-01   3.5014644816627871e-01
   6.4935064935064934e-01   3.4916269368441133e-01
   6.5034965034965031e-01   3.4817878818138226e-01
   6.5134865134865139e-01   3.4719473315838345e-01
   6.5234765234765235e-01   3.4621053010168468e-01
   6.5334665334665332e-01   3.4522618048278159e-01
   6.5434565434565439e-01   3.4424168575854297e-01
   6.5534465534465536e-01   3.4325704737135587e-01
   6.5634365634365632e-01   3.4227226674926953e-01
   6.5734265734265729e-01   3.4128734530613808e-01
   6.5834165834165836e-01   3.4030228444176142e-01
   6.5934065934065933e-01   3.3931708554202522e-01
   6.6033966033966029e-01   3.3833174997903898e-01
   6.6133866133866137e-01   3.3734627911127318e-01
   6.6233766233766234e-01   3.3636067428369448e-01
   6.6333666333666330e-01   3.3537493682790037e-01
   6.6433566433566438e-01   3.3438906806225194e-01
   6.6533466533466534e-01   3.3340306929200519e-01
   6.6633366633366631e-01   3.3241694180944170e-01
   6.6733266733266738e-01   3.3143068689399741e-01
   6.6833166833166835e-01   3.3044430581239020e-01
   6.6933066933066931e-01   3.2945779981874657e-01
   6.7032967032967028e-01   3.2847117015472654e-01
   6.7132867132867136e-01   3.2748441804964784e-01
   6.7232767232767232e-01   3.2649754472060827e-01
   6.7332667332667329e-01   3.2551055137260737e-01
   6.7432567432567436e-01   3.2452343919866677e-01
   6.7532467532467533e-01   3.2353620937994904e-01
   6.7632367632367629e-01   3.2254886308587566e-01
   6.7732267732267737e-01   3.2156140147424372e-01
   6.7832167832167833e-01   3.2057382569134169e-01
   6.7932067932067930e-01   3.1958613687206333e-01
   6.8031968031968026e-01   3.1859833614002142e-01
   6.8131868131868134e-01   3.1761042460765965e-01
   6.8231768231768231e-01   3.1662240337636371e-01
   6.8331668331668327e-01   3.1563427353657131e-01
   6.8431568431568435e-01   3.1464603616788089e-01
   6.8531468531468531e-01   3.1365769233915924e-01
   6.8631368631368628e-01   3.1266924310864835e-01
   6.8731268731268735e-01   3.1168068952407108e-01
   6.8831168831168832e-01   3.1069203262273565e-01
   6.8931068931068928e-01   3.0970327343163917e-01
   6.9030969030969036e-01   3.0871441296756996e-01
   6.9130869130869133e-01   3.0772545223720926e-01
   6.9230769230769229e-01   3.0673639223723176e-01
   6.9330669330669326e-01   3.0574723395440473e-01
   6.9430569430569433e-01   3.0475797836568674e-01
   6.9530469530469530e-01   3.0376862643832520e-01
   6.9630369630369626e-01   3.0277917912995278e-01
   6.9730269730269734e-01   3.0178963738868297e-01
   6.9830169830169830e-01   3.0080000215320490e-01
   6.9930069930069927e-01   2.9981027435287666e-01
   7.0029970029970035e-01   2.9882045490781839e-01
   7.0129870129870131e-01   2.9783054472900400e-01
   7.0229770229770228e-01   2.9684054471835203e-01
   7.0329670329670324e-01   2.9585045576881575e-01
   7.0429570429570432e-01   2.9486027876447213e-01
   7.0529470529470528e-01   2.9387001458061013e-01
   7.0629370629370625e-01   2.9287966408381827e-01
   7.0729270729270732e-01   2.9188922813207091e-01
   7.0829170829170829e-01   2.9089870757481384e-01
   7.0929070929070925e-01   2.8990810325304917e-01
   7.1028971028971033e-01   2.8891741599941917e-01
   7.1128871128871130e-01   2.8792664663828932e-01
   7.1228771228771226e-01   2.8693579598583091e-01
   7.1328671328671334e-01   2.8594486485010201e-01
   7.1428571428571430e-01   2.8495385403112866e-01
   7.1528471528471527e-01   2.8396276432098422e-01
   7.1628371628371623e-01   2.8297159650386872e-01
   7.1728271728271731e-01   2.8198035135618693e-01
   7.1828171828171827e-01   2.8098902964662603e-01
   7.1928071928071924e-01   2.7999763213623219e-01
   7.2027972027972031e-01   2.7900615957848657e-01
   7.2127872127872128e-01   2.7801461271938055e-01
   7.2227772227772225e-01   2.7702299229749006e-01
   7.2327672327672332e-01   2.7603129904404949e-01
   7.2427572427572429e-01   2.7503953368302453e-01
   7.2527472527472525e-01   2.7404769693118436e-01
   7.2627372627372633e-01   2.7305578949817350e-01
   7.2727272727272729e-01   2.7206381208658220e-01
   7.2827172827172826e-01   2.7107176539201683e-01
   7.2927072927072922e-01   2.7007965010316920e-01
   7.3026973026973030e-01   2.6908746690188551e-01
   7.3126873126873126e-01   2.6809521646323403e-01
   7.3226773226773223e-01   2.6710289945557270e-01
   7.3326673326673331e-01   2.6611051654061579e-01
   7.3426573426573427e-01   2.6511806837349999e-01
   7.3526473526473524e-01   2.6412555560284984e-01
   7.3626373626373631e-01   2.6313297887084214e-01
   7.3726273726273728e-01   2.6214033881327048e-01
   7.3826173826173824e-01   2.6114763605960845e-01
   7.3926073926073921e-01   2.6015487123307246e-01
   7.4025974025974028e-01   2.5916204495068396e-01
   7.4125874125874125e-01   2.5816915782333105e-01
   7.4225774225774221e-01   2.5717621045582945e-01
   7.4325674325674329e-01   2.5618320344698281e-01
   7.4425574425574426e-01   2.5519013738964252e-01
   7.4525474525474522e-01   2.5419701287076696e-01
   7.4625374625374630e-01   2.5320383047147987e-01
   7.4725274725274726e-01   2.5221059076712843e-01
   7.4825174825174823e-01   2.5121729432734086e-01
   7.4925074925074930e-01   2.5022394171608298e-01
   7.5024975024975027e-01   2.4923053349171467e-01
   7.5124875124875123e-01   2.4823707020704563e-01
   7.5224775224775220e-01   2.4724355240939044e-01
   7.5324675324675328e-01   2.4624998064062317e-01
   7.5424575424575424e-01   2.4525635543723154e-01
   7.5524475524475521e-01   2.4426267733037044e-01
   7.5624375624375628e-01   2.4326894684591496e-01
   7.5724275724275725e-01   2.4227516450451281e-01
   7.5824175824175821e-01   2.4128133082163633e-01
   7.5924075924075929e-01   2.4028744630763393e-01
   7.6023976023976025e-01   2.3929351146778105e-01
   7.6123876123876122e-01   2.3829952680233046e-01
   7.6223776223776218e-01   2.3730549280656235e-01
   7.6323676323676326e-01   2.3631140997083372e-01
   7.6423576423576423e-01   2.3531727878062716e-01
   7.6523476523476519e-01   2.3432309971659954e-01
   7.6623376623376627e-01   2.3332887325462978e-01
   7.6723276723276723e-01   2.3233459986586655e-01
   7.6823176823176820e-01   2.3134028001677506e-01
   7.6923076923076927e-01   2.3034591416918382e-01
   7.7022977022977024e-01   2.2935150278033056e-01
   7.7122877122877120e-01   2.2835704630290801e-01
   7.7222777222777228e-01   2.2736254518510896e-01
   7.7322677322677325e-01   2.2636799987067105e-01
   7.7422577422577421e-01   2.2537341079892109e-01
   7.7522477522477518e-01   2.2437877840481879e-01
   7.7622377622377625e-01   2.2338410311900028e-01
   7.7722277722277722e-01   2.2238938536782099e-01
   7.7822177822177818e-01   2.2139462557339837e-01
   7.7922077922077926e-01   2.2039982415365383e-01
   7.8021978021978022e-01   2.1940498152235455e-01
   7.8121878121878119e-01   2.1841009808915471e-01
   7.8221778221778226e-01   2.1741517425963647e-01
   7.8321678321678323e-01   2.1642021043535037e-01
   7.8421578421578420e-01   2.1542520701385540e-01
   7.8521478521478516e-01   2.1443016438875873e-01
   7.8621378621378624e-01   2.1343508294975497e-01
   7.8721278721278720e-01   2.1243996308266508e-01
   7.8821178821178817e-01   2.1144480516947484e-01
   7.8921078921078924e-01   2.1044960958837294e-01
   7.9020979020979021e-01   2.0945437671378880e-01
   7.9120879120879117e-01   2.0845910691642991e-01
   7.9220779220779225e-01   2.0746380056331884e-01
   7.9320679320679321e-01   2.0646845801782984e-01
   7.9420579420579418e-01   2.0547307963972508e-01
   7.9520479520479526e-01   2.0447766578519064e-01
   7.9620379620379622e-01   2.0348221680687203e-01
   7.9720279720279719e-01   2.0248673305390938e-01
   7.9820179820179815e-01   2.0149121487197219e-01
   7.9920079920079923e-01   2.0049566260329402e-01
   8.0019980019980019e-01   1.9950007658670643e-01
   8.0119880119880116e-01   1.9850445715767295e-01
   8.0219780219780223e-01   1.9750880464832249e-01
   8.0319680319680320e-01   1.9651311938748250e-01
   8.0419580419580416e-01   1.9551740170071186e-01
   8.0519480519480524e-01   1.9452165191033322e-01
   8.0619380619380621e-01   1.9352587033546528e-01
   8.0719280719280717e-01   1.9253005729205466e-01
   8.0819180819180814e-01   1.9153421309290733e-01
   8.0919080919080921e-01   1.9053833804771989e-01
   8.1018981018981018e-01   1.8954243246311048e-01
   8.1118881118881114e-01   1.8854649664264936e-01
   8.1218781218781222e-01   1.8755053088688925e-01
   8.1318681318681318e-01   1.8655453549339526e-01
   8.1418581418581415e-01   1.8555851075677468e-01
   8.1518481518481523e-01   1.8456245696870624e-01
   8.1618381618381619e-01   1.8356637441796933e-01
   8.1718281718281716e-01   1.8257026339047278e-01
   8.1818181818181823e-01   1.8157412416928342e-01
   8.1918081918081920e-01   1.8057795703465435e-01
   8.2017982017982016e-01   1.7958176226405287e-01
   8.2117882117882113e-01   1.7858554013218816e-01
   8.2217782217782220e-01   1.7758929091103876e-01
   8.2317682317682317e-01   1.7659301486987955e-01
   8.2417582417582413e-01   1.7559671227530882e-01
   8.2517482517482521e-01   1.7460038339127482e-01
   8.2617382617382618e-01   1.7360402847910203e-01
   8.2717282717282714e-01   1.7260764779751736e-01
   8.2817182817182822e-01   1.7161124160267591e-01
   8.2917082917082918e-01   1.7061481014818641e-01
   8.3016983016983015e-01   1.6961835368513678e-01
   8.3116883116883122e-01   1.6862187246211893e-01
   8.3216783216783219e-01   1.6762536672525383e-01
   8.3316683316683315e-01   1.6662883671821582e-01
   8.3416583416583412e-01   1.6563228268225716e-01
   8.3516483516483520e-01   1.6463570485623194e-01
   8.3616383616383616e-01   1.6363910347661997e-01
   8.3716283716283713e-01   1.6264247877755039e-01
   8.3816183816183820e-01   1.6164583099082505e-01
   8.3916083916083917e-01   1.6064916034594162e-01
   8.4015984015984013e-01   1.5965246707011646e-01
   8.4115884115884121e-01   1.5865575138830737e-01
   8.4215784215784217e-01   1.5765901352323602e-01
   8.4315684315684314e-01   1.5666225369541015e-01
   8.4415584415584410e-01   1.5566547212314558e-01
   8.4515484515484518e-01   1.5466866902258800e-01
   8.4615384615384615e-01   1.5367184460773459e-01
   8.4715284715284711e-01   1.5267499909045532e-01
   8.4815184815184819e-01   1.5167813268051417e-01
   8.4915084915084915e-01   1.5068124558558993e-01
   8.5014985014985012e-01   1.4968433801129702e-01
   8.5114885114885119e-01   1.4868741016120601e-01
   8.5214785214785216e-01   1.4769046223686394e-01
   8.5314685314685312e-01   1.4669349443781440e-01
   8.5414585414585420e-01   1.4569650696161743e-01
   8.5514485514485516e-01   1.4469950000386930e-01
   8.5614385614385613e-01   1.4370247375822201e-01
   8.5714285714285710e-01   1.4270542841640260e-01
   8.5814185814185817e-01   1.4170836416823226e-01
   8.5914085914085914e-01   1.4071128120164539e-01
   8.6013986013986010e-01   1.3971417970270816e-01
   8.6113886113886118e-01   1.3871705985563723e-01
   8.6213786213786214e-01   1.3771992184281812e-01
   8.6313686313686311e-01   1.3672276584482335e-01
   8.6413586413586418e-01   1.3572559204043053e-01
   8.6513486513486515e-01   1.3472840060664018e-01
   8.6613386613386611e-01   1.3373119171869335e-01
   8.6713286713286708e-01   1.3273396555008918e-01
   8.6813186813186816e-01   1.3173672227260216e-01
   8.6913086913086912e-01   1.3073946205629933e-01
   8.7012987012987009e-01   1.2974218506955715e-01
   8.7112887112887116e-01   1.2874489147907847e-01
   8.7212787212787213e-01   1.2774758144990897e-01
   8.7312687312687309e-01   1.2675025514545377e-01
   8.7412587412587417e-01   1.2575291272749367e-01
   8.7512487512487513e-01   1.2475555435620136e-01
   8.7612387612387610e-01   1.2375818019015739e-01
   8.7712287712287718e-01   1.2276079038636592e-01
   8.7812187812187814e-01   1.2176338510027049e-01
   8.7912087912087911e-01   1.2076596448576943e-01
   8.8011988011988007e-01   1.1976852869523132e-01
   8.8111888111888115e-01   1.1877107787951018e-01
   8.8211788211788211e-01   1.1777361218796042e-01
   8.8311688311688308e-01   1.1677613176845192e-01
   8.8411588411588415e-01   1.1577863676738462e-01
   8.8511488511488512e-01   1.1478112732970326e-01
   8.8611388611388608e-01   1.1378360359891175e-01
   8.8711288711288716e-01   1.1278606571708755e-01
   8.8811188811188813e-01   1.1178851382489582e-01
   8.8911088911088909e-01   1.1079094806160349e-01
   8.9010989010989006e-01   1.0979336856509311e-01
   8.9110889110889113e-01   1.0879577547187665e-01
   8.9210789210789210e-01   1.0779816891710911e-01
   8.9310689310689306e-01   1.0680054903460201e-01
   8.9410589410589414e-01   1.0580291595683679e-01
   8.9510489510489510e-01   1.0480526981497792e-01
   8.9610389610389607e-01   1.0380761073888613e-01
   8.9710289710289715e-01   1.0280993885713122e-01
   8.9810189810189811e-01   1.0181225429700501e-01
   8.9910089910089908e-01   1.0081455718453401e-01
   9.0009990009990015e-01   9.9816847644492002e-02
   9.0109890109890112e-01   9.8819125800412466e-02
   9.0209790209790208e-01   9.7821391774600905e-02
   9.0309690309690305e-01   9.6823645688147095e-02
   9.0409590409590412e-01   9.5825887660937165e-02
   9.0509490509490509e-01   9.4828117811665516e-02
   9.0609390609390605e-01   9.3830336257846689e-02
   9.0709290709290713e-01   9.2832543115827129e-02
   9.0809190809190810e-01   9.1834738500796737e-02
   9.0909090909090906e-01   9.0836922526800409e-02
   9.1008991008991014e-01   8.9839095306749370e-02
   9.1108891108891110e-01   8.8841256952432529e-02
   9.1208791208791207e-01   8.7843407574527549e-02
   9.1308691308691303e-01   8.6845547282611929e-02
   9.1408591408591411e-01   8.5847676185173943e-02
   9.1508491508491507e-01   8.4849794389623479e-02
   9.1608391608391604e-01   8.3851902002302692e-02
   9.1708291708291712e-01   8.2853999128496697e-02
   9.1808191808191808e-01   8.1856085872444057e-02
   9.1908091908091905e-01   8.0858162337347189e-02
   9.2007992007992012e-01   7.9860228625382598e-02
   9.2107892107892109e-01   7.8862284837711183e-02
   9.2207792207792205e-01   7.7864331074488216e-02
   9.2307692307692313e-01   7.6866367434873448e-02
   9.2407592407592409e-01   7.5868394017040930e-02
   9.2507492507492506e-01   7.4870410918188829e-02
   9.2607392607392602e-01   7.3872418234549153e-02
   9.2707292707292710e-01   7.2874416061397329e-02
   9.2807192807192807e-01   7.1876404493061721e-02
   9.2907092907092903e-01   7.0878383622933069e-02
   9.3006993006993011e-01   6.9880353543473758e-02
   9.3106893106893107e-01   6.8882314346227047e-02
   9.3206793206793204e-01   6.7884266121826270e-02
   9.3306693306693311e-01   6.6886208960003829e-02
   9.3406593406593408e-01   6.5888142949600145e-02
   9.3506493506493504e-01   6.4890068178572569e-02
   9.3606393606393601e-01   6.3891984734004120e-02
   9.3706293706293708e-01   6.2893892702112181e-02
   9.3806193806193805e-01   6.1895792168257101e-02
   9.3906093906093902e-01   6.0897683216950750e-02
   9.4005994005994009e-01   5.9899565931864907e-02
   9.4105894105894106e-01   5.8901440395839631e-02
   9.4205794205794202e-01   5.7903306690891533e-02
   9.4305694305694310e-01   5.6905164898221963e-02
   9.4405594405594406e-01   5.5907015098225099e-02
   9.4505494505494503e-01   5.4908857370495986e-02
   9.4605394605394610e-01   5.3910691793838457e-02
   9.4705294705294707e-01   5.2912518446273038e-02
   9.4805194805194803e-01   5.1914337405044697e-02
   9.4905094905094900e-01   5.0916148746630550e-02
   9.5004995004995008e-01   4.9917952546747531e-02
   9.5104895104895104e-01   4.8919748880359909e-02
   9.5204795204795201e-01   4.7921537821686809e-02
   9.5304695304695308e-01   4.6923319444209584e-02
   9.5404595404595405e-01   4.5925093820679164e-02
   9.5504495504495501e-01   4.4926861023123307e-02
   9.5604395604395609e-01   4.3928621122853811e-02
   9.5704295704295705e-01   4.2930374190473609e-02
   9.5804195804195802e-01   4.1932120295883814e-02
   9.5904095904095898e-01   4.0933859508290725e-02
   9.6003996003996006e-01   3.9935591896212673e-02
   9.6103896103896103e-01   3.8937317527486928e-02
   9.6203796203796199e-01   3.7939036469276433e-02
   9.6303696303696307e-01   3.6940748788076502e-02
   9.6403596403596403e-01   3.5942454549721482e-02
   9.6503496503496500e-01   3.4944153819391297e-02
   9.6603396603396607e-01   3.3945846661617964e-02
   9.6703296703296704e-01   3.2947533140292043e-02
   9.6803196803196800e-01   3.1949213318669005e-02
   9.6903096903096908e-01   3.0950887259375531e-02
   9.7002997002997005e-01   2.9952555024415795e-02
   9.7102897102897101e-01   2.8954216675177624e-02
   9.7202797202797198e-01   2.7955872272438620e-02
   9.7302697302697305e-01   2.6957521876372254e-02
   9.7402597402597402e-01   2.5959165546553857e-02
   9.7502497502497498e-01   2.4960803341966556e-02
   9.7602397602397606e-01   2.3962435321007173e-02
   9.7702297702297702e-01   2.2964061541492047e-02
   9.7802197802197799e-01   2.1965682060662808e-02
   9.7902097902097907e-01   2.0967296935192097e-02
   9.8001998001998003e-01   1.9968906221189197e-02
   9.8101898101898100e-01   1.8970509974205661e-02
   9.8201798201798207e-01   1.7972108249240840e-02
   9.8301698301698304e-01   1.6973701100747380e-02
   9.8401598401598400e-01   1.5975288582636651e-02
   9.8501498501498497e-01   1.4976870748284127e-02
   9.8601398601398604e-01   1.3978447650534718e-02
   9.8701298701298701e-01   1.2980019341708036e-02
   9.8801198801198797e-01   1.1981585873603626e-02
   9.8901098901098905e-01   1.0983147297506135e-02
   9.9000999000999002e-01   9.9847036641904172e-03
   9.9100899100899098e-01   8.9862550239266179e-03
   9.9200799200799206e-01   7.9878014264851797e-03
   9.9300699300699302e-01   6.9893429211418147e-03
   9.9400599400599399e-01   5.9908795566824208e-03
   9.9500499500499495e-01   4.9924113814079508e-03
   9.9600399600399603e-01   3.9939384431392326e-03
   9.9700299700299699e-01   2.9954607892217410e-03
   9.9800199800199796e-01   1.9969784665303247e-03
   9.9900099900099903e-01   9.9849152147388383e-04
   1.0000000000000000e+00   0.0000000000000000e+00
