RESULTS:
  step size [h]        f'_(2c)        f'_(3c)
        1000.000000000000    0.0006144811212186970     0.001569796325128230
        500.0000000000000     0.001226970704427849     0.003137592626923114
        250.0000000000000     0.002446008919130172     0.006267184880512101
        125.0000000000000     0.004860554966324046      0.01250236378764018
        62.50000000000000     0.009597360209758973      0.02487663199872263
        31.25000000000000      0.01871599116461293      0.04923973462278766
        15.62500000000000      0.03563896288098983      0.09640699088545523
        7.812500000000000      0.06496257968287143       0.1842301125180243
        3.906250000000000       0.1100015746191867       0.3294974428258753
        1.953125000000000       0.1673239773657852       0.4547613030080548
       0.9765625000000000       0.2245832898000666       0.3901946926951287
       0.4882812500000000       0.2693988305941727       0.3480576041133203
       0.2441406250000000       0.2984007712776652       0.3370149549600598
       0.1220703125000000       0.3150401622099689       0.3342533315312244
      0.06103515625000000       0.3239685842029103       0.3335633008013292
      0.03051757812500000       0.3285949521877192       0.3333908230927572
      0.01525878906250000       0.3309499562322453       0.3333477056398697
     0.007629394531250000       0.3321380749571690       0.3333369264016073
     0.003814697265625000       0.3327348087852006       0.3333342315998744
     0.001907348632812500       0.3330338468560367       0.3333335578999249
    0.0009536743164062500       0.3331835339984391       0.3333333894749521
    0.0004768371582031250       0.3332584196361713       0.3333333473687526
    0.0002384185791015625       0.3332958729765378       0.3333333368420136
    0.0001192092895507812       0.3333146022781729       0.3333333342107944
    5.960464477539062E-05       0.3333239675872028       0.3333333335528150
    2.980232238769531E-05       0.3333286504037678       0.3333333333879709
    1.490116119384766E-05       0.3333309918567538       0.3333333333469927
    7.450580596923828E-06       0.3333321625888347       0.3333333333358169
    3.725290298461914E-06       0.3333327479660511       0.3333333333283663
    1.862645149230957E-06       0.3333330406546593       0.3333333333432674
    9.313225746154785E-07       0.3333331869840622       0.3333333333134651
    4.656612873077393E-07       0.3333332602977753       0.3333333333730698
    2.328306436538696E-07       0.3333332967758179       0.3333333332538605
    1.164153218269348E-07       0.3333333148956299       0.3333333330154419
    5.820766091346741E-08       0.3333333244323731       0.3333333330154419
    2.910383045673370E-08       0.3333333282470703       0.3333333320617676
    1.455191522836685E-08       0.3333333282470703       0.3333333320617676
    7.275957614183426E-09       0.3333333282470703       0.3333333282470703
    3.637978807091713E-09       0.3333333435058594       0.3333333435058594
    1.818989403545856E-09       0.3333333129882812       0.3333333129882812
    9.094947017729282E-10       0.3333333740234375       0.3333333740234375
    4.547473508864641E-10       0.3333332519531250       0.3333332519531250
    2.273736754432321E-10       0.3333334960937500       0.3333334960937500
    1.136868377216160E-10       0.3333330078125000       0.3333330078125000
    5.684341886080801E-11       0.3333339843750000       0.3333339843750000
    2.842170943040401E-11       0.3333320312500000       0.3333320312500000
    1.421085471520200E-11       0.3333359375000000       0.3333359375000000
    7.105427357601002E-12       0.3333281250000000       0.3333281250000000
    3.552713678800501E-12       0.3333437500000000       0.3333437500000000
    1.776356839400250E-12       0.3333125000000000       0.3333125000000000
    8.881784197001252E-13       0.3333750000000000       0.3333750000000000
    4.440892098500626E-13       0.3332500000000000       0.3332500000000000
    2.220446049250313E-13       0.3335000000000000       0.3335000000000000
    1.110223024625157E-13       0.3330000000000000       0.3330000000000000
    5.551115123125783E-14       0.3340000000000000       0.3340000000000000
    2.775557561562891E-14       0.3320000000000000       0.3320000000000000
    1.387778780781446E-14       0.3360000000000000       0.3360000000000000
    6.938893903907228E-15       0.3360000000000000       0.3360000000000000
    3.469446951953614E-15       0.3520000000000000       0.3520000000000000
    1.734723475976807E-15       0.3200000000000000       0.3200000000000000
    8.673617379884035E-16       0.3840000000000000       0.3840000000000000
    4.336808689942018E-16       0.2560000000000000       0.2560000000000000
    2.168404344971009E-16       0.5120000000000000       0.5120000000000000
    1.084202172485504E-16        0.000000000000000        0.000000000000000
    5.421010862427522E-17        0.000000000000000        0.000000000000000
    2.710505431213761E-17        0.000000000000000        0.000000000000000
    1.355252715606881E-17        0.000000000000000        0.000000000000000
    6.776263578034403E-18        0.000000000000000        0.000000000000000
    3.388131789017201E-18        0.000000000000000        0.000000000000000
    1.694065894508601E-18        0.000000000000000        0.000000000000000
    8.470329472543003E-19        0.000000000000000        0.000000000000000
    4.235164736271502E-19        0.000000000000000        0.000000000000000
    2.117582368135751E-19        0.000000000000000        0.000000000000000
    1.058791184067875E-19        0.000000000000000        0.000000000000000
    5.293955920339377E-20        0.000000000000000        0.000000000000000
    2.646977960169689E-20        0.000000000000000        0.000000000000000
    1.323488980084844E-20        0.000000000000000        0.000000000000000
    6.617444900424221E-21        0.000000000000000        0.000000000000000
    3.308722450212111E-21        0.000000000000000        0.000000000000000
    1.654361225106055E-21        0.000000000000000        0.000000000000000
    8.271806125530277E-22        0.000000000000000        0.000000000000000
    4.135903062765138E-22        0.000000000000000        0.000000000000000
    2.067951531382569E-22        0.000000000000000        0.000000000000000
    1.033975765691285E-22        0.000000000000000        0.000000000000000
    5.169878828456423E-23        0.000000000000000        0.000000000000000
    2.584939414228211E-23        0.000000000000000        0.000000000000000
    1.292469707114106E-23        0.000000000000000        0.000000000000000
    6.462348535570529E-24        0.000000000000000        0.000000000000000
    3.231174267785264E-24        0.000000000000000        0.000000000000000
    1.615587133892632E-24        0.000000000000000        0.000000000000000
    8.077935669463161E-25        0.000000000000000        0.000000000000000
    4.038967834731580E-25        0.000000000000000        0.000000000000000
    2.019483917365790E-25        0.000000000000000        0.000000000000000
    1.009741958682895E-25        0.000000000000000        0.000000000000000
    5.048709793414476E-26        0.000000000000000        0.000000000000000
    2.524354896707238E-26        0.000000000000000        0.000000000000000
    1.262177448353619E-26        0.000000000000000        0.000000000000000
    6.310887241768094E-27        0.000000000000000        0.000000000000000
    3.155443620884047E-27        0.000000000000000        0.000000000000000
    1.577721810442024E-27        0.000000000000000        0.000000000000000
